20.04	-109.88
20.04	-109.8
19.96	-109.72
19.96	-109.64
19.96	-109.56
19.96	-109.48
19.96	-109.4
19.96	-109.32
19.96	-109.24
19.96	-109.16
19.96	-109.08
19.96	-109
19.96	-108.92
19.96	-108.84
19.96	-108.76
19.96	-108.68
19.96	-108.6
19.96	-108.52
19.96	-108.44
19.96	-108.36
19.96	-108.28
19.96	-108.2
19.96	-108.12
19.96	-108.04
19.96	-107.96
19.96	-107.88
19.96	-107.8
19.96	-107.72
19.96	-107.64
19.96	-107.56
19.96	-107.48
19.96	-107.4
19.96	-107.32
19.96	-107.24
19.96	-107.16
19.96	-107.08
19.96	-107
19.96	-106.92
19.96	-106.84
19.96	-106.76
19.96	-106.68
19.96	-106.6
19.96	-106.52
19.96	-106.44
19.96	-106.36
19.96	-106.28
19.96	-106.2
19.96	-106.12
19.96	-106.04
19.96	-105.96
19.96	-105.88
19.96	-105.8
19.96	-105.72
19.96	-105.64
19.96	-105.56
19.96	-105.48
19.96	-105.4
19.96	-105.32
19.96	-105.24
19.96	-105.16
19.96	-105.08
19.96	-105
19.96	-104.92
19.96	-104.84
19.96	-104.76
19.96	-104.68
19.96	-104.6
19.96	-104.52
19.96	-104.44
19.96	-104.36
19.96	-104.28
19.96	-104.2
19.96	-104.12
19.96	-104.04
19.96	-103.96
19.96	-103.88
19.96	-103.8
19.96	-103.72
19.96	-103.64
19.96	-103.56
19.96	-103.48
19.96	-103.4
19.96	-103.32
19.96	-103.24
19.96	-103.16
19.96	-103.08
19.96	-103
19.96	-102.92
19.96	-102.84
19.96	-102.76
19.96	-102.68
19.96	-102.6
19.96	-102.52
19.96	-102.44
19.96	-102.36
19.96	-102.28
19.96	-102.2
19.96	-102.12
19.96	-102.04
19.96	-101.96
19.96	-101.88
19.96	-101.8
19.96	-101.72
19.96	-101.64
19.96	-101.56
19.96	-101.48
19.96	-101.4
19.96	-101.32
19.96	-101.24
19.96	-101.16
19.96	-101.08
19.96	-101
19.96	-100.92
19.96	-100.84
19.96	-100.76
19.96	-100.68
19.96	-100.6
19.96	-100.52
19.96	-100.44
19.96	-100.36
19.96	-100.28
19.96	-100.2
19.96	-100.12
19.96	-100.04
19.96	-99.96
19.96	-99.88
19.96	-99.8
19.96	-99.72
19.96	-99.64
19.96	-99.56
19.96	-99.48
19.96	-99.4
19.96	-99.32
19.96	-99.24
19.96	-99.16
19.96	-99.08
19.96	-99
19.96	-98.92
19.96	-98.84
19.96	-98.76
19.96	-98.68
19.96	-98.6
19.96	-98.52
19.96	-98.44
19.96	-98.36
19.96	-98.28
19.96	-98.2
19.96	-98.12
19.96	-98.04
19.96	-97.96
19.96	-97.88
19.96	-97.8
19.96	-97.72
19.96	-97.64
19.96	-97.56
19.96	-97.48
19.96	-97.4
19.96	-97.32
19.96	-97.24
19.96	-97.16
19.96	-97.08
19.96	-97
19.96	-96.92
19.96	-96.84
19.96	-96.76
19.96	-96.68
19.96	-96.6
19.96	-96.52
19.96	-96.44
19.96	-96.36
19.96	-96.28
19.96	-96.2
19.96	-96.12
19.96	-96.04
19.96	-95.96
19.96	-95.88
19.96	-95.8
19.96	-95.72
19.96	-95.64
19.96	-95.56
19.96	-95.48
19.96	-95.4
19.96	-95.32
19.96	-95.24
19.96	-95.16
19.96	-95.08
19.96	-95
19.96	-94.92
19.96	-94.84
19.96	-94.76
19.96	-94.68
19.96	-94.6
19.96	-94.52
19.96	-94.44
19.96	-94.36
19.96	-94.28
19.96	-94.2
19.96	-94.12
19.96	-94.04
19.96	-93.96
19.96	-93.88
19.96	-93.8
19.96	-93.72
19.96	-93.64
19.96	-93.56
19.96	-93.48
19.96	-93.4
19.96	-93.32
19.96	-93.24
19.96	-93.16
19.96	-93.08
19.96	-93
19.96	-92.92
19.96	-92.84
19.96	-92.76
19.96	-92.68
19.96	-92.6
19.96	-92.52
19.96	-92.44
19.96	-92.36
19.96	-92.28
19.96	-92.2
19.96	-92.12
19.96	-92.04
19.96	-91.96
19.96	-91.88
19.96	-91.8
19.96	-91.72
19.96	-91.64
19.96	-91.56
19.96	-91.48
19.96	-91.4
19.96	-91.32
19.96	-91.24
19.96	-91.16
19.96	-91.08
19.96	-91
19.96	-90.92
19.96	-90.84
19.96	-90.76
19.96	-90.68
19.96	-90.6
19.96	-90.52
19.96	-90.44
19.96	-90.36
19.96	-90.28
19.96	-90.2
19.96	-90.12
19.96	-90.04
19.96	-89.96
19.96	-89.88
19.96	-89.8
19.96	-89.72
19.96	-89.64
19.96	-89.56
19.96	-89.48
19.96	-89.4
19.96	-89.32
19.96	-89.24
19.96	-89.16
19.96	-89.08
19.96	-89
19.96	-88.92
19.96	-88.84
19.96	-88.76
19.96	-88.68
19.96	-88.6
19.96	-88.52
19.96	-88.44
19.96	-88.36
19.96	-88.28
19.96	-88.2
19.96	-88.12
19.96	-88.04
19.96	-87.96
19.96	-87.88
19.96	-87.8
19.96	-87.72
19.96	-87.64
19.96	-87.56
19.96	-87.48
19.96	-87.4
19.96	-87.32
19.96	-87.24
19.96	-87.16
19.96	-87.08
19.96	-87
19.96	-86.92
19.96	-86.84
19.96	-86.76
19.96	-86.68
19.96	-86.6
19.96	-86.52
19.96	-86.44
19.96	-86.36
19.96	-86.28
19.96	-86.2
19.96	-86.12
19.96	-86.04
19.96	-85.96
19.96	-85.88
19.96	-85.8
19.96	-85.72
19.96	-85.64
19.96	-85.56
19.96	-85.48
19.96	-85.4
19.96	-85.32
19.96	-85.24
19.96	-85.16
19.96	-85.08
19.96	-85
19.96	-84.92
19.96	-84.84
19.96	-84.76
19.96	-84.68
19.96	-84.6
19.96	-84.52
19.96	-84.44
19.96	-84.36
19.96	-84.28
19.96	-84.2
19.96	-84.12
19.96	-84.04
19.96	-83.96
19.96	-83.88
19.96	-83.8
19.96	-83.72
19.96	-83.64
19.96	-83.56
19.96	-83.48
19.96	-83.4
19.96	-83.32
19.96	-83.24
19.96	-83.16
19.96	-83.08
19.96	-83
19.96	-82.92
19.96	-82.84
19.96	-82.76
19.96	-82.68
19.96	-82.6
19.96	-82.52
19.96	-82.44
19.96	-82.36
19.96	-82.28
19.96	-82.2
19.96	-82.12
19.96	-82.04
19.96	-81.96
19.96	-81.88
19.96	-81.8
19.96	-81.72
19.96	-81.64
19.96	-81.56
19.96	-81.48
19.96	-81.4
19.96	-81.32
19.96	-81.24
19.96	-81.16
19.96	-81.08
19.96	-81
19.96	-80.92
19.96	-80.84
19.96	-80.76
19.96	-80.68
19.96	-80.6
19.96	-80.52
19.96	-80.44
19.96	-80.36
19.96	-80.28
19.96	-80.2
19.96	-80.12
19.96	-80.04
19.96	-79.96
19.96	-79.88
19.96	-79.8
19.96	-79.72
19.96	-79.64
19.96	-79.56
19.96	-79.48
19.96	-79.4
19.96	-79.32
19.96	-79.24
19.96	-79.16
19.96	-79.08
19.96	-79
19.96	-78.92
19.96	-78.84
19.96	-78.76
19.96	-78.68
19.96	-78.6
19.96	-78.52
19.96	-78.44
19.96	-78.36
19.96	-78.28
19.96	-78.2
19.96	-78.12
19.96	-78.04
19.96	-77.96
19.96	-77.88
19.96	-77.8
19.96	-77.72
19.96	-77.64
19.96	-77.56
19.96	-77.48
19.96	-77.4
19.96	-77.32
19.96	-77.24
19.96	-77.16
19.96	-77.08
19.96	-77
19.96	-76.92
19.96	-76.84
19.96	-76.76
19.96	-76.68
19.96	-76.6
19.96	-76.52
19.96	-76.44
19.96	-76.36
19.96	-76.28
19.96	-76.2
19.96	-76.12
19.96	-76.04
19.96	-75.96
19.96	-75.88
19.96	-75.8
19.96	-75.72
19.96	-75.64
19.96	-75.56
19.96	-75.48
19.96	-75.4
19.96	-75.32
19.96	-75.24
19.96	-75.16
19.96	-75.08
19.96	-75
19.96	-74.92
19.96	-74.84
19.96	-74.76
19.96	-74.68
19.96	-74.6
19.96	-74.52
19.96	-74.44
19.96	-74.36
19.96	-74.28
19.96	-74.2
19.96	-74.12
19.96	-74.04
19.96	-73.96
19.96	-73.88
19.96	-73.8
19.96	-73.72
19.96	-73.64
19.96	-73.56
19.96	-73.48
19.96	-73.4
19.96	-73.32
19.96	-73.24
19.96	-73.16
19.96	-73.08
19.96	-73
19.96	-72.92
19.96	-72.84
19.96	-72.76
19.96	-72.68
19.96	-72.6
19.96	-72.52
19.96	-72.44
19.96	-72.36
19.96	-72.28
19.96	-72.2
19.96	-72.12
19.96	-72.04
19.96	-71.96
19.96	-71.88
19.96	-71.8
19.96	-71.72
19.96	-71.64
19.96	-71.56
19.96	-71.48
19.96	-71.4
19.96	-71.32
19.96	-71.24
19.96	-71.16
19.96	-71.08
19.96	-71
19.96	-70.92
19.96	-70.84
19.96	-70.76
19.96	-70.68
19.96	-70.6
19.96	-70.52
19.96	-70.44
19.96	-70.36
19.96	-70.28
19.96	-70.2
19.96	-70.12
19.96	-70.04
19.96	-69.96
19.96	-69.88
19.96	-69.8
19.96	-69.72
19.96	-69.64
19.96	-69.56
19.96	-69.48
19.96	-69.4
19.96	-69.32
19.96	-69.24
19.96	-69.16
19.96	-69.08
19.96	-69
19.96	-68.92
19.96	-68.84
19.96	-68.76
19.96	-68.68
19.96	-68.6
19.96	-68.52
19.96	-68.44
19.96	-68.36
19.96	-68.28
19.96	-68.2
19.96	-68.12
19.96	-68.04
19.96	-67.96
19.96	-67.88
19.96	-67.8
19.96	-67.72
19.96	-67.64
19.96	-67.56
19.96	-67.48
19.96	-67.4
19.96	-67.32
19.96	-67.24
19.96	-67.16
19.96	-67.08
19.96	-67
19.96	-66.92
19.96	-66.84
19.96	-66.76
19.96	-66.68
19.96	-66.6
19.96	-66.52
19.96	-66.44
19.96	-66.36
19.96	-66.28
19.96	-66.2
19.96	-66.12
19.96	-66.04
19.96	-65.96
19.96	-65.88
19.96	-65.8
19.96	-65.72
19.96	-65.64
19.96	-65.56
19.96	-65.48
19.96	-65.4
19.96	-65.32
19.96	-65.24
19.96	-65.16
19.96	-65.08
19.96	-65
19.96	-64.92
19.96	-64.84
19.96	-64.76
19.96	-64.68
19.96	-64.6
19.96	-64.52
19.96	-64.44
19.96	-64.36
19.96	-64.28
19.96	-64.2
19.96	-64.12
19.96	-64.04
19.96	-63.96
19.96	-63.88
19.96	-63.8
19.96	-63.72
19.96	-63.64
19.96	-63.56
19.96	-63.48
19.96	-63.4
19.96	-63.32
19.96	-63.24
19.96	-63.16
19.96	-63.08
19.96	-63
19.96	-62.92
19.96	-62.84
19.96	-62.76
19.96	-62.68
19.96	-62.6
19.96	-62.52
19.96	-62.44
19.96	-62.36
19.96	-62.28
19.96	-62.2
19.96	-62.12
19.96	-62.04
19.96	-61.96
19.96	-61.88
19.96	-61.8
19.96	-61.72
19.96	-61.64
19.96	-61.56
19.96	-61.48
19.96	-61.4
19.96	-61.32
19.96	-61.24
19.96	-61.16
19.96	-61.08
19.96	-61
19.96	-60.92
19.96	-60.84
19.96	-60.76
19.96	-60.68
19.96	-60.6
19.96	-60.52
19.96	-60.44
19.96	-60.36
19.96	-60.28
19.96	-60.2
19.96	-60.12
19.96	-60.04
19.96	-59.96
19.96	-59.88
19.96	-59.8
19.96	-59.72
19.96	-59.64
19.96	-59.56
19.96	-59.48
19.96	-59.4
19.96	-59.32
19.96	-59.24
19.96	-59.16
19.96	-59.08
19.96	-59
19.96	-58.92
19.96	-58.84
19.96	-58.76
19.96	-58.68
19.96	-58.6
19.96	-58.52
19.96	-58.44
19.96	-58.36
19.96	-58.28
19.96	-58.2
19.96	-58.12
19.96	-58.04
19.96	-57.96
19.96	-57.88
19.96	-57.8
19.96	-57.72
19.96	-57.64
19.96	-57.56
19.96	-57.48
19.96	-57.4
19.96	-57.32
19.96	-57.24
19.96	-57.16
19.96	-57.08
19.96	-57
19.96	-56.92
19.96	-56.84
19.96	-56.76
19.96	-56.68
19.96	-56.6
19.96	-56.52
19.96	-56.44
19.96	-56.36
19.96	-56.28
19.96	-56.2
19.96	-56.12
19.96	-56.04
19.96	-55.96
19.96	-55.88
19.96	-55.8
19.96	-55.72
19.96	-55.64
19.96	-55.56
19.96	-55.48
19.96	-55.4
19.96	-55.32
19.96	-55.24
19.96	-55.16
19.96	-55.08
19.96	-55
19.96	-54.92
19.96	-54.84
19.96	-54.76
19.96	-54.68
19.96	-54.6
19.96	-54.52
19.96	-54.44
19.96	-54.36
19.96	-54.28
19.96	-54.2
19.96	-54.12
19.96	-54.04
19.96	-53.96
19.96	-53.88
19.96	-53.8
19.96	-53.72
19.96	-53.64
19.96	-53.56
19.96	-53.48
19.96	-53.4
19.96	-53.32
19.96	-53.24
19.96	-53.16
19.96	-53.08
19.96	-53
19.96	-52.92
19.96	-52.84
19.96	-52.76
19.96	-52.68
19.96	-52.6
19.96	-52.52
19.96	-52.44
19.96	-52.36
19.96	-52.28
20.04	-52.2
20.12	-52.12
20.2	-52.04
20.28	-51.96
20.36	-51.88
20.44	-51.8
20.52	-51.72
20.6	-51.64
20.68	-51.56
20.76	-51.48
20.76	-51.4
20.76	-51.32
20.76	-51.24
20.76	-51.16
20.76	-51.08
20.76	-51
20.76	-50.92
20.76	-50.84
20.76	-50.76
20.76	-50.68
20.76	-50.6
20.76	-50.52
20.76	-50.44
20.76	-50.36
20.76	-50.28
20.76	-50.2
20.76	-50.12
20.76	-50.04
20.76	-49.96
20.76	-49.88
20.76	-49.8
20.76	-49.72
20.76	-49.64
20.76	-49.56
20.76	-49.48
20.76	-49.4
20.76	-49.32
20.76	-49.24
20.76	-49.16
20.76	-49.08
20.76	-49
20.76	-48.92
20.76	-48.84
20.76	-48.76
20.76	-48.68
20.76	-48.6
20.76	-48.52
20.76	-48.44
20.76	-48.36
20.76	-48.28
20.76	-48.2
20.76	-48.12
20.76	-48.04
20.76	-47.96
20.76	-47.88
20.76	-47.8
20.76	-47.72
20.76	-47.64
20.76	-47.56
20.76	-47.48
20.76	-47.4
20.76	-47.32
20.76	-47.24
20.76	-47.16
20.76	-47.08
20.76	-47
20.76	-46.92
20.76	-46.84
20.76	-46.76
20.76	-46.68
20.76	-46.6
20.76	-46.52
20.76	-46.44
20.76	-46.36
20.76	-46.28
20.76	-46.2
20.76	-46.12
20.76	-46.04
20.76	-45.96
20.76	-45.88
20.76	-45.8
20.76	-45.72
20.76	-45.64
20.76	-45.56
20.76	-45.48
20.76	-45.4
20.76	-45.32
20.76	-45.24
20.76	-45.16
20.76	-45.08
20.76	-45
20.76	-44.92
20.76	-44.84
20.76	-44.76
20.76	-44.68
20.76	-44.6
20.76	-44.52
20.76	-44.44
20.76	-44.36
20.76	-44.28
20.76	-44.2
20.76	-44.12
20.76	-44.04
20.76	-43.96
20.76	-43.88
20.76	-43.8
20.76	-43.72
20.76	-43.64
20.76	-43.56
20.76	-43.48
20.76	-43.4
20.76	-43.32
20.76	-43.24
20.76	-43.16
20.76	-43.08
20.76	-43
20.76	-42.92
20.76	-42.84
20.76	-42.76
20.76	-42.68
20.76	-42.6
20.76	-42.52
20.76	-42.44
20.76	-42.36
20.76	-42.28
20.76	-42.2
20.76	-42.12
20.76	-42.04
20.76	-41.96
20.76	-41.88
20.76	-41.8
20.76	-41.72
20.76	-41.64
20.76	-41.56
20.76	-41.48
20.76	-41.4
20.76	-41.32
20.76	-41.24
20.76	-41.16
20.76	-41.08
20.76	-41
20.76	-40.92
20.76	-40.84
20.76	-40.76
20.76	-40.68
20.76	-40.6
20.76	-40.52
20.76	-40.44
20.76	-40.36
20.76	-40.28
20.76	-40.2
20.76	-40.12
20.76	-40.04
20.76	-39.96
20.76	-39.88
20.76	-39.8
20.76	-39.72
20.76	-39.64
20.76	-39.56
20.76	-39.48
20.76	-39.4
20.76	-39.32
20.76	-39.24
20.76	-39.16
20.76	-39.08
20.76	-39
20.76	-38.92
20.76	-38.84
20.76	-38.76
20.76	-38.68
20.76	-38.6
20.76	-38.52
20.76	-38.44
20.76	-38.36
20.76	-38.28
20.76	-38.2
20.76	-38.12
20.76	-38.04
20.76	-37.96
20.76	-37.88
20.76	-37.8
20.76	-37.72
20.76	-37.64
20.76	-37.56
20.76	-37.48
20.76	-37.4
20.76	-37.32
20.76	-37.24
20.76	-37.16
20.76	-37.08
20.76	-37
20.76	-36.92
20.76	-36.84
20.76	-36.76
20.76	-36.68
20.76	-36.6
20.76	-36.52
20.76	-36.44
20.76	-36.36
20.76	-36.28
20.76	-36.2
20.76	-36.12
20.76	-36.04
20.76	-35.96
20.76	-35.88
20.76	-35.8
20.76	-35.72
20.76	-35.64
20.76	-35.56
20.76	-35.48
20.76	-35.4
20.76	-35.32
20.76	-35.24
20.76	-35.16
20.76	-35.08
20.76	-35
20.76	-34.92
20.76	-34.84
20.76	-34.76
20.76	-34.68
20.76	-34.6
20.76	-34.52
20.76	-34.44
20.76	-34.36
20.76	-34.28
20.76	-34.2
20.76	-34.12
20.76	-34.04
20.76	-33.96
20.76	-33.88
20.76	-33.8
20.76	-33.72
20.76	-33.64
20.76	-33.56
20.76	-33.48
20.76	-33.4
20.76	-33.32
20.76	-33.24
20.76	-33.16
20.76	-33.08
20.76	-33
20.76	-32.92
20.76	-32.84
20.76	-32.76
20.76	-32.68
20.76	-32.6
20.76	-32.52
20.76	-32.44
20.76	-32.36
20.76	-32.28
20.76	-32.2
20.76	-32.12
20.76	-32.04
20.76	-31.96
20.76	-31.88
20.76	-31.8
20.76	-31.72
20.76	-31.64
20.76	-31.56
20.76	-31.48
20.76	-31.4
20.76	-31.32
20.76	-31.24
20.76	-31.16
20.76	-31.08
20.76	-31
20.76	-30.92
20.76	-30.84
20.76	-30.76
20.76	-30.68
20.76	-30.6
20.76	-30.52
20.76	-30.44
20.76	-30.36
20.76	-30.28
20.76	-30.2
20.76	-30.12
20.76	-30.04
20.76	-29.96
20.76	-29.88
20.76	-29.8
20.76	-29.72
20.76	-29.64
20.76	-29.56
20.76	-29.48
20.76	-29.4
20.76	-29.32
20.76	-29.24
20.76	-29.16
20.76	-29.08
20.76	-29
20.76	-28.92
20.76	-28.84
20.76	-28.76
20.76	-28.68
20.76	-28.6
20.76	-28.52
20.76	-28.44
20.76	-28.36
20.76	-28.28
20.76	-28.2
20.76	-28.12
20.76	-28.04
20.76	-27.96
20.76	-27.88
20.76	-27.8
20.76	-27.72
20.76	-27.64
20.76	-27.56
20.76	-27.48
20.76	-27.4
20.76	-27.32
20.76	-27.24
20.76	-27.16
20.76	-27.08
20.76	-27
20.76	-26.92
20.76	-26.84
20.76	-26.76
20.76	-26.68
20.76	-26.6
20.76	-26.52
20.76	-26.44
20.76	-26.36
20.76	-26.28
20.76	-26.2
20.76	-26.12
20.76	-26.04
20.76	-25.96
20.76	-25.88
20.76	-25.8
20.76	-25.72
20.76	-25.64
20.76	-25.56
20.76	-25.48
20.76	-25.4
20.76	-25.32
20.76	-25.24
20.76	-25.16
20.76	-25.08
20.76	-25
20.76	-24.92
20.76	-24.84
20.76	-24.76
20.76	-24.68
20.76	-24.6
20.76	-24.52
20.76	-24.44
20.76	-24.36
20.76	-24.28
20.76	-24.2
20.76	-24.12
20.76	-24.04
20.76	-23.96
20.76	-23.88
20.76	-23.8
20.76	-23.72
20.76	-23.64
20.76	-23.56
20.76	-23.48
20.76	-23.4
20.76	-23.32
20.76	-23.24
20.76	-23.16
20.76	-23.08
20.76	-23
20.76	-22.92
20.76	-22.84
20.76	-22.76
20.76	-22.68
20.76	-22.6
20.76	-22.52
20.76	-22.44
20.76	-22.36
20.76	-22.28
20.76	-22.2
20.76	-22.12
20.76	-22.04
20.76	-21.96
20.76	-21.88
20.76	-21.8
20.76	-21.72
20.76	-21.64
20.76	-21.56
20.76	-21.48
20.76	-21.4
20.76	-21.32
20.76	-21.24
20.76	-21.16
20.76	-21.08
20.76	-21
20.76	-20.92
20.76	-20.84
20.76	-20.76
20.76	-20.68
20.76	-20.6
20.76	-20.52
20.76	-20.44
20.76	-20.36
20.76	-20.28
20.76	-20.2
20.76	-20.12
20.76	-20.04
20.76	-19.96
20.76	-19.88
20.76	-19.8
20.76	-19.72
20.76	-19.64
20.76	-19.56
20.76	-19.48
20.76	-19.4
20.76	-19.32
20.76	-19.24
20.76	-19.16
20.76	-19.08
20.76	-19
20.76	-18.92
20.76	-18.84
20.76	-18.76
20.76	-18.68
20.76	-18.6
20.76	-18.52
20.76	-18.44
20.76	-18.36
20.76	-18.28
20.76	-18.2
20.76	-18.12
20.76	-18.04
20.76	-17.96
20.76	-17.88
20.76	-17.8
20.76	-17.72
20.76	-17.64
20.76	-17.56
20.76	-17.48
20.76	-17.4
20.76	-17.32
20.76	-17.24
20.76	-17.16
20.76	-17.08
20.76	-17
20.76	-16.92
20.76	-16.84
20.76	-16.76
20.76	-16.68
20.76	-16.6
20.76	-16.52
20.76	-16.44
20.76	-16.36
20.76	-16.28
20.76	-16.2
20.76	-16.12
20.76	-16.04
20.76	-15.96
20.76	-15.88
20.76	-15.8
20.76	-15.72
20.76	-15.64
20.76	-15.56
20.76	-15.48
20.76	-15.4
20.76	-15.32
20.76	-15.24
20.76	-15.16
20.76	-15.08
20.76	-15
20.76	-14.92
20.76	-14.84
20.76	-14.76
20.76	-14.68
20.76	-14.6
20.76	-14.52
20.76	-14.44
20.76	-14.36
20.76	-14.28
20.76	-14.2
20.76	-14.12
20.76	-14.04
20.76	-13.96
20.76	-13.88
20.76	-13.8
20.76	-13.72
20.76	-13.64
20.76	-13.56
20.76	-13.48
20.76	-13.4
20.76	-13.32
20.76	-13.24
20.76	-13.16
20.76	-13.08
20.76	-13
20.76	-12.92
20.76	-12.84
20.76	-12.76
20.76	-12.68
20.76	-12.6
20.76	-12.52
20.76	-12.44
20.76	-12.36
20.76	-12.28
20.76	-12.2
20.76	-12.12
20.76	-12.04
20.76	-11.96
20.76	-11.88
20.76	-11.8
20.76	-11.72
20.76	-11.64
20.76	-11.56
20.76	-11.48
20.76	-11.4
20.76	-11.32
20.76	-11.24
20.76	-11.16
20.76	-11.08
20.76	-11
20.76	-10.92
20.84	-10.84
20.92	-10.76
21	-10.68
21.08	-10.6
21.16	-10.52
21.24	-10.44
21.32	-10.36
21.4	-10.28
21.48	-10.2
21.56	-10.12
21.64	-10.04
21.72	-9.96001
21.8	-9.88
21.88	-9.8
21.96	-9.72
22.04	-9.64001
22.12	-9.56001
22.2	-9.48
22.28	-9.4
22.36	-9.32001
22.44	-9.24001
22.52	-9.16
22.6	-9.08
22.68	-9
22.76	-8.92001
22.84	-8.84
22.92	-8.76
23	-8.68
23.08	-8.60001
23.16	-8.52
23.24	-8.44
23.32	-8.36
23.4	-8.28001
23.48	-8.2
23.56	-8.2
23.64	-8.12
23.72	-8.04
23.8	-7.96001
23.88	-7.88
23.96	-7.8
24.04	-7.72
24.12	-7.64001
24.2	-7.56001
24.28	-7.48
24.36	-7.4
24.44	-7.32001
24.52	-7.24001
24.6	-7.16
24.68	-7.08
24.76	-7
24.84	-6.92001
24.92	-6.84
25	-6.76
25.08	-6.68
25.16	-6.60001
25.24	-6.60001
25.32	-6.60001
25.4	-6.52
25.48	-6.44
25.56	-6.36
25.64	-6.28001
25.72	-6.2
25.8	-6.12
25.88	-6.04
25.96	-5.96001
26.04	-5.88
26.12	-5.8
26.2	-5.72
26.28	-5.64001
26.36	-5.64001
26.44	-5.64001
26.52	-5.64001
26.6	-5.64001
26.68	-5.64001
26.76	-5.64001
26.84	-5.64001
26.92	-5.64001
27	-5.64001
27.08	-5.64001
27.16	-5.64001
27.24	-5.64001
27.32	-5.64001
27.4	-5.64001
27.48	-5.64001
27.56	-5.64001
27.64	-5.64001
27.72	-5.64001
27.8	-5.64001
27.88	-5.64001
27.96	-5.64001
28.04	-5.64001
28.12	-5.64001
28.2	-5.64001
28.28	-5.64001
28.36	-5.64001
28.44	-5.64001
28.52	-5.64001
28.6	-5.56001
28.68	-5.48
28.76	-5.4
28.84	-5.32001
28.92	-5.24001
29	-5.16
29.08	-5.08
29.16	-5
29.24	-4.92001
29.32	-4.84
29.4	-4.76
29.48	-4.68
29.56	-4.60001
29.64	-4.52
29.72	-4.44
29.8	-4.36
29.88	-4.28001
29.96	-4.2
30.04	-4.12
30.12	-4.04
30.2	-3.96001
30.28	-3.88
30.36	-3.8
30.44	-3.72
30.52	-3.64001
30.6	-3.56001
30.68	-3.48
30.76	-3.4
30.84	-3.32001
30.92	-3.24001
31	-3.16
31.08	-3.08
31.16	-3
31.24	-2.92001
31.32	-2.84
31.4	-2.76
31.48	-2.68
31.56	-2.60001
31.64	-2.52
31.72	-2.44
31.8	-2.36
31.88	-2.28001
31.96	-2.2
32.04	-2.12
32.12	-2.04
32.2	-2.04
32.28	-2.04
32.36	-2.04
32.44	-2.04
32.52	-1.96001
32.6	-1.96001
32.68	-1.96001
32.76	-1.96001
32.84	-1.96001
32.92	-1.96001
33	-1.96001
33.08	-1.96001
33.16	-1.96001
33.24	-1.96001
33.32	-1.88
33.4	-1.88
33.48	-1.8
33.56	-1.8
33.64	-1.8
33.72	-1.8
33.8	-1.8
33.88	-1.8
33.96	-1.8
34.04	-1.8
34.12	-1.8
34.2	-1.8
34.28	-1.8
34.36	-1.8
34.44	-1.8
34.52	-1.8
34.6	-1.8
34.68	-1.8
34.76	-1.8
34.84	-1.8
34.92	-1.8
35	-1.8
35.08	-1.8
35.16	-1.8
35.24	-1.8
35.32	-1.8
35.4	-1.8
35.48	-1.8
35.56	-1.8
35.64	-1.8
35.72	-1.8
35.8	-1.8
35.88	-1.8
35.96	-1.8
36.04	-1.8
36.12	-1.8
36.2	-1.8
36.28	-1.8
36.36	-1.8
36.44	-1.8
36.52	-1.72
36.6	-1.64001
36.68	-1.56001
36.76	-1.48
36.84	-1.4
36.92	-1.32001
37	-1.24001
37.08	-1.16
37.16	-1.08
37.24	-1
37.32	-0.920006
37.4	-0.840004
37.48	-0.760002
37.56	-0.68
37.64	-0.600006
37.72	-0.520004
37.8	-0.440002
37.88	-0.360001
37.96	-0.280006
38.04	-0.200005
38.12	-0.120003
38.2	-0.0400009
38.28	0.0399933
38.36	0.119995
38.44	0.199997
38.52	0.279999
38.6	0.359993
38.68	0.439995
38.76	0.519997
38.84	0.599998
38.92	0.679993
39	0.759995
39.08	0.839996
39.16	0.919998
39.24	0.999992
39.32	1.07999
39.4	1.16
39.48	1.24
39.56	1.32
39.64	1.4
39.72	1.48
39.8	1.55999
39.88	1.63999
39.96	1.71999
40.04	1.8
40.12	1.88
40.2	1.96
40.28	2.04
40.36	2.12
40.44	2.19999
40.52	2.27999
40.6	2.35999
40.68	2.43999
40.76	2.52
40.84	2.6
40.92	2.68
41	2.76
41.08	2.83999
41.16	2.91999
41.24	2.99999
41.32	3.07999
41.4	3.16
41.48	3.24
41.56	3.32
41.56	3.4
41.64	3.48
41.64	3.55999
41.64	3.63999
41.64	3.71999
41.64	3.8
41.64	3.88
41.72	3.96
41.8	4.04
41.88	4.12
41.96	4.19999
42.04	4.27999
42.04	4.35999
42.04	4.43999
42.04	4.52
42.12	4.6
42.12	4.68
42.12	4.76
42.12	4.83999
42.12	4.91999
42.12	4.99999
42.12	5.07999
42.12	5.16
42.12	5.24
42.12	5.32
42.12	5.4
42.12	5.48
42.12	5.55999
42.12	5.63999
42.12	5.71999
42.12	5.8
42.12	5.88
42.12	5.96
42.12	6.04
42.12	6.12
42.12	6.19999
42.12	6.27999
42.12	6.35999
42.12	6.43999
42.12	6.52
42.12	6.6
42.12	6.68
42.12	6.76
42.12	6.83999
42.12	6.91999
42.12	6.99999
42.12	7.07999
42.12	7.16
42.12	7.24
42.12	7.32
42.12	7.4
42.12	7.48
42.12	7.55999
42.12	7.63999
42.12	7.71999
42.12	7.8
42.12	7.88
42.12	7.96
42.12	8.04
42.12	8.12
42.12	8.19999
42.12	8.27999
42.12	8.35999
42.12	8.43999
42.12	8.52
42.12	8.6
42.12	8.68
42.2	8.76
42.2	8.83999
42.2	8.91999
42.2	8.99999
42.2	9.07999
42.2	9.16
42.2	9.24
42.28	9.32
42.36	9.4
42.44	9.48
42.52	9.55999
42.6	9.63999
42.6	9.71999
42.6	9.8
42.6	9.88
42.6	9.96
42.6	10.04
42.6	10.12
42.6	10.2
42.6	10.28
42.6	10.36
42.6	10.44
42.6	10.52
42.6	10.6
42.6	10.68
42.6	10.76
42.6	10.84
42.6	10.92
42.6	11
42.6	11.08
42.6	11.16
42.6	11.24
42.6	11.32
42.6	11.4
42.6	11.48
42.6	11.56
42.6	11.64
42.6	11.72
42.6	11.8
42.6	11.88
42.6	11.96
42.6	12.04
42.6	12.12
42.6	12.2
42.6	12.28
42.6	12.36
42.6	12.44
42.6	12.52
42.6	12.6
42.6	12.68
42.6	12.76
42.6	12.84
42.6	12.92
42.6	13
42.6	13.08
42.6	13.16
42.6	13.24
42.6	13.32
42.6	13.4
42.6	13.48
42.6	13.56
42.6	13.64
42.6	13.72
42.6	13.8
42.6	13.88
42.6	13.96
42.6	14.04
42.6	14.12
42.6	14.2
42.6	14.28
42.6	14.36
42.6	14.44
42.6	14.52
42.6	14.6
42.6	14.68
42.6	14.76
42.6	14.84
42.6	14.92
42.6	15
42.6	15.08
42.68	15.16
42.76	15.24
42.84	15.32
42.92	15.4
43	15.48
43.08	15.56
43.16	15.64
43.24	15.72
43.32	15.8
43.4	15.88
43.48	15.96
43.56	16.04
43.64	16.12
43.72	16.2
43.8	16.28
43.88	16.36
43.96	16.44
44.04	16.52
44.12	16.6
44.2	16.68
44.28	16.76
44.36	16.84
44.44	16.92
44.52	17
44.6	17.08
44.68	17.16
44.76	17.24
44.84	17.32
44.92	17.4
45	17.48
45.08	17.56
45.16	17.64
45.24	17.72
45.32	17.8
45.4	17.88
45.48	17.96
45.56	18.04
45.64	18.12
45.72	18.2
45.8	18.28
45.88	18.36
45.96	18.44
46.04	18.52
46.12	18.6
46.2	18.68
46.28	18.76
46.36	18.84
46.44	18.92
46.52	19
46.6	19.08
46.68	19.16
46.76	19.24
46.84	19.32
46.92	19.4
47	19.48
47.08	19.56
47.16	19.64
47.24	19.72
47.32	19.8
47.4	19.88
47.48	19.96
47.56	20.04
47.64	20.12
47.72	20.2
47.8	20.28
47.88	20.36
47.96	20.44
48.04	20.52
48.12	20.6
48.2	20.68
48.28	20.76
48.36	20.84
48.44	20.92
48.52	21
48.6	21.08
48.68	21.16
48.76	21.24
48.84	21.32
48.92	21.4
49	21.48
49.08	21.56
49.16	21.64
49.24	21.72
49.32	21.8
49.4	21.88
49.48	21.96
49.56	22.04
49.64	22.12
49.72	22.2
49.8	22.28
49.88	22.36
49.96	22.44
50.04	22.52
50.12	22.6
50.2	22.68
50.28	22.76
50.36	22.84
50.44	22.92
50.52	23
50.6	23.08
50.68	23.16
50.76	23.24
50.84	23.32
50.92	23.4
51	23.48
51.08	23.56
51.16	23.64
51.24	23.72
51.32	23.8
51.4	23.88
51.48	23.96
51.56	24.04
51.64	24.12
51.72	24.2
51.8	24.28
51.88	24.36
51.96	24.44
52.04	24.52
52.12	24.6
52.2	24.68
52.28	24.76
52.36	24.84
52.44	24.92
52.52	25
52.6	25.08
52.68	25.16
52.76	25.16
52.84	25.16
52.92	25.16
53	25.16
53.08	25.16
53.16	25.16
53.24	25.16
53.32	25.16
53.4	25.16
53.48	25.16
53.56	25.16
53.64	25.16
53.72	25.16
53.8	25.16
53.88	25.16
53.96	25.16
54.04	25.16
54.12	25.16
54.2	25.16
54.28	25.16
54.36	25.16
54.44	25.16
54.52	25.16
54.6	25.16
54.68	25.16
54.76	25.16
54.84	25.16
54.92	25.16
55	25.16
55.08	25.16
55.16	25.16
55.24	25.16
55.32	25.16
55.4	25.16
55.48	25.16
55.56	25.24
55.64	25.32
55.72	25.32
55.8	25.32
55.88	25.32
55.96	25.32
56.04	25.4
56.12	25.4
56.2	25.48
56.28	25.48
56.36	25.48
56.44	25.56
56.52	25.56
56.6	25.56
56.68	25.56
56.76	25.64
56.84	25.64
56.92	25.72
57	25.72
57.08	25.72
57.16	25.72
57.24	25.8
57.32	25.8
57.4	25.88
57.48	25.88
57.56	25.96
57.64	25.96
57.72	25.96
57.8	26.04
57.88	26.04
57.96	26.04
58.04	26.12
58.12	26.12
58.2	26.12
58.28	26.2
58.36	26.2
58.44	26.2
58.52	26.2
58.6	26.2
58.68	26.28
58.76	26.36
58.84	26.36
58.92	26.36
59	26.36
59.08	26.36
59.16	26.44
59.24	26.52
59.32	26.52
59.4	26.52
59.48	26.6
59.56	26.68
59.64	26.68
59.72	26.68
59.8	26.76
59.88	26.76
59.96	26.76
60.04	26.76
60.12	26.76
60.2	26.84
60.28	26.92
60.36	27
60.44	27
60.52	27
60.6	27
60.68	27
60.76	27
60.84	27
60.92	27
61	27
61.08	27
61.16	27
61.24	27
61.32	27
61.4	27
61.48	27
61.56	27
61.64	27
61.72	27
61.8	27
61.88	27
61.96	27
62.04	27
62.12	27
62.2	27
62.28	27
62.36	27
62.44	27
62.52	27
62.6	27
62.68	27
62.76	27
62.84	27
62.92	27
63	27
63.08	27
63.16	27
63.24	27
63.32	27
63.4	27
63.48	27
63.56	27
63.64	27
63.72	27
63.8	27
63.88	27
63.96	27
64.04	27
64.12	27
64.2	27
64.28	27
64.36	27
64.44	27
64.52	27
64.6	27
64.68	27
64.76	27
64.84	27
64.92	27
65	27
65.08	27
65.16	27
65.24	27
65.32	27
65.4	27
65.48	27
65.56	27
65.64	27
65.72	27
65.8	27
65.88	27
65.96	27
66.04	27
66.12	27
66.2	27
66.28	27
66.36	27
66.44	27
66.52	27
66.6	27
66.68	27
66.76	27
66.84	27
66.92	27
67	27
67.08	27
67.16	27
67.24	27
67.32	27
67.4	27
67.48	27
67.56	27
67.64	27
67.72	27
67.8	27
67.88	27
67.96	27
68.04	27
68.12	27
68.2	27
68.28	27
68.36	27
68.44	27
68.52	27
68.6	27
68.68	27
68.76	27
68.84	27
68.92	27
69	27
69.08	27
69.16	27
69.24	27
69.32	27
69.4	27
69.48	27
69.56	27
69.64	27
69.72	27
69.8	27
69.88	27
69.96	27
70.04	27
70.12	27
70.2	27
70.28	27
70.36	27
70.44	27
70.52	27
70.6	27
70.68	27
70.76	27
70.84	27
70.92	27
71	27
71.08	27
71.16	27
71.24	27
71.32	27
71.4	27
71.48	27
71.56	27
71.64	27
71.72	27
71.8	27
71.88	27
71.96	27
72.04	27
72.12	27
72.2	27
72.28	27
72.36	27
72.44	27
72.52	27
72.6	27
72.68	27
72.76	27
72.84	27
72.92	27
73	27
73.08	27
73.16	27
73.24	27
73.32	27
73.4	27
73.48	27
73.56	27
73.64	27
73.72	27
73.8	27
73.88	27
73.96	27
74.04	27
74.12	27
74.2	27.08
74.28	27.16
74.36	27.24
74.44	27.32
74.52	27.4
74.6	27.48
74.68	27.56
74.76	27.64
74.84	27.72
74.92	27.8
75	27.88
75.08	27.96
75.16	28.04
75.24	28.12
75.32	28.2
75.4	28.28
75.48	28.36
75.56	28.44
75.64	28.52
75.72	28.6
75.8	28.68
75.88	28.76
75.96	28.84
76.04	28.92
76.12	29
76.2	29.08
76.28	29.16
76.36	29.24
76.44	29.32
76.52	29.4
76.6	29.48
76.68	29.56
76.76	29.64
76.84	29.72
76.92	29.8
77	29.88
77.08	29.96
77.16	30.04
77.24	30.12
77.32	30.2
77.4	30.28
77.48	30.36
77.56	30.44
77.64	30.52
77.72	30.6
77.8	30.68
77.88	30.76
77.96	30.84
78.04	30.92
78.12	31
78.2	31.08
78.28	31.16
78.36	31.24
78.44	31.32
78.52	31.4
78.6	31.48
78.68	31.56
78.76	31.64
78.84	31.72
78.92	31.8
79	31.88
79.08	31.96
79.16	32.04
79.24	32.12
79.32	32.2
79.4	32.28
79.48	32.36
79.56	32.44
79.64	32.52
79.72	32.6
79.8	32.68
79.88	32.76
79.96	32.84
80.04	32.92
80.12	33
80.2	33.08
80.28	33.16
80.36	33.24
80.44	33.32
80.52	33.4
80.6	33.48
80.68	33.56
80.76	33.64
80.84	33.72
80.92	33.8
81	33.88
81.08	33.96
81.16	34.04
81.24	34.12
81.32	34.2
81.4	34.28
81.48	34.36
81.56	34.44
81.64	34.52
81.72	34.52
81.8	34.52
81.88	34.52
81.96	34.6
82.04	34.6
82.12	34.6
82.2	34.6
82.28	34.6
82.36	34.68
82.44	34.76
82.52	34.84
82.6	34.84
82.68	34.84
82.76	34.84
82.84	34.84
82.92	34.84
83	34.84
83.08	34.84
83.16	34.84
83.24	34.84
83.32	34.84
83.4	34.84
83.48	34.84
83.56	34.84
83.64	34.84
83.72	34.84
83.8	34.84
83.88	34.84
83.96	34.84
84.04	34.84
84.12	34.84
84.2	34.84
84.28	34.84
84.36	34.84
84.44	34.84
84.52	34.84
84.6	34.84
84.68	34.84
84.76	34.84
84.84	34.84
84.92	34.92
85	35
85.08	35.08
85.16	35.16
85.24	35.24
85.32	35.32
85.4	35.4
85.48	35.48
85.56	35.56
85.64	35.64
85.72	35.72
85.8	35.8
85.88	35.88
85.96	35.96
86.04	36.04
86.12	36.12
86.2	36.2
86.28	36.28
86.36	36.36
86.44	36.44
86.52	36.52
86.6	36.6
86.68	36.68
86.76	36.76
86.84	36.84
86.92	36.92
87	37
87.08	37.08
87.16	37.16
87.24	37.24
87.32	37.32
87.4	37.4
87.48	37.48
87.56	37.56
87.64	37.64
87.72	37.72
87.8	37.8
87.88	37.88
87.96	37.96
88.04	38.04
88.12	38.12
88.2	38.2
88.28	38.28
88.36	38.36
88.44	38.44
88.52	38.52
88.6	38.6
88.68	38.68
88.76	38.76
88.84	38.84
88.92	38.92
89	39
89.08	39.08
89.16	39.16
89.24	39.24
89.32	39.32
89.4	39.4
89.48	39.48
89.56	39.56
89.64	39.64
89.72	39.72
89.8	39.8
89.88	39.88
89.96	39.96
90	40

